$ANSIBLE_VAULT;1.1;AES256
31656133316331303836323839383530636566633737623135613431666663616632656265653766
6536306565356565646564303233393861653233333636330a323334653665623038356662396231
63386439633261663632353265353434353533373631313533396465376432613730313362663561
3163393937383864390a383534633264323938613464333739373033336538643237366562636139
33376337373934313437396665666365326166396638333662636133373936666139666532633535
65613264643431363536656231633266363136653932383230393161306238373532633836626539
62396633313663666561323731396439396665346165376363343863333536396263363731383762
65396132363330336466623733616661323739336335373564326633336333356361366233373839
61623534353930666238373063333637323739396362626233663065333064363637653065613432
61373430656535653931316462353339303637623730303439313733336233356436316165633766
33386135613736616237393431633631653538333262363136333238353766383538623731653631
33313364653131613231343731666130643130393266353632363938323733303330663963616631
3133
